7
1
2
6 2 3 7 0 -1
7 2 1 7 0 3
haar_x3
3.513846e-003 0 -1
-4.522770e-001 5.190288e-001 
1
2
22 23 2 1 0 -1
22 23 1 1 0 2
haar_x2
5.640927e-004 0 -1
1.523754e-001 -9.381365e-001 
1
2
7 0 6 1 0 -1
10 0 3 1 0 2
haar_x2
-1.390282e-003 0 -1
-8.369080e-001 2.898907e-001 
1
2
8 5 11 3 0 -1
8 6 11 1 0 3
haar_y3
9.721938e-003 0 -1
-2.329729e-001 5.500730e-001 
1
2
0 23 2 1 0 -1
1 23 1 1 0 2
haar_x2
1.525495e-004 0 -1
3.075857e-001 -8.883406e-001 
1
2
14 4 2 6 0 -1
12 6 2 2 0 3
tilted_haar_x3
-2.512355e-002 0 -1
-1.000000e+000 1.140541e-002 
1
2
1 3 9 2 0 -1
1 4 9 1 0 2
haar_y2
-5.253006e-003 0 -1
7.375115e-001 -3.614151e-001 
-5.379004e-001

11
-1
