6
1
2
7 12 6 7 0 -1
9 12 2 7 0 3
haar_x3
1.277167e-003 0 -1
-7.763804e-001 2.910665e-001 
1
2
18 7 4 5 0 -1
19 7 2 5 0 2
haar_x4
5.576728e-003 0 -1
-1.852586e-001 3.535719e-001 
1
2
3 15 8 8 0 -1
3 19 8 4 0 2
haar_y2
-2.098339e-002 0 -1
-8.596286e-001 2.719017e-001 
1
2
18 7 4 5 0 -1
19 7 2 5 0 2
haar_x4
-5.628154e-003 0 -1
4.299095e-001 -2.087635e-001 
1
2
1 20 3 1 0 -1
2 21 1 1 0 3
tilted_haar_x3
2.704108e-004 0 -1
3.453746e-001 -7.505267e-001 
1
2
9 4 6 8 0 -1
11 4 2 8 0 3
haar_x3
-3.742888e-004 0 -1
4.696887e-001 -6.528184e-001 
-6.671141e-001

16
-1
