7
1
2
2 2 18 3 0 -1
2 3 18 1 0 3
haar_y3
1.366930e-002 0 -1
-3.883125e-001 8.965954e-001 
1
2
22 6 2 1 0 -1
22 6 1 1 0 2
tilted_haar_y2
-4.989551e-003 0 -1
8.394078e-001 -1.275987e-002 
1
2
2 9 11 12 0 -1
2 12 11 6 0 2
haar_y4
-1.343513e-003 0 -1
-7.343135e-001 4.584797e-001 
1
2
21 16 3 8 0 -1
21 18 3 4 0 2
haar_y4
6.185893e-003 0 -1
9.575398e-002 -9.213033e-001 
1
2
0 16 2 8 0 -1
0 18 2 4 0 2
haar_y4
-5.680830e-004 0 -1
4.030995e-001 -8.023602e-001 
1
2
13 22 11 2 0 -1
13 23 11 1 0 2
haar_y2
7.001966e-004 0 -1
-2.649118e-001 1.092677e-001 
1
2
8 0 1 3 0 -1
8 1 1 1 0 3
haar_y3
2.592743e-003 0 -1
-3.969124e-001 8.716543e-001 
-9.368435e-001

6
-1
