6
1
2
4 2 1 18 0 -1
4 11 1 9 0 2
haar_y2
-3.079308e-003 0 -1
4.299898e-001 -7.631266e-001 
1
2
14 1 6 9 0 -1
11 4 6 3 0 3
tilted_haar_x3
-6.501251e-002 0 -1
4.094794e-001 -2.274106e-001 
1
2
10 1 9 6 0 -1
13 4 3 6 0 3
tilted_haar_x3
3.247901e-002 0 -1
-5.655429e-001 5.801653e-001 
1
2
8 2 9 6 0 -1
11 2 3 6 0 3
haar_x3
-3.126595e-003 0 -1
3.646977e-001 -4.219525e-001 
1
2
6 1 1 6 0 -1
6 3 1 2 0 3
haar_y3
-5.621137e-003 0 -1
8.533040e-001 -3.958772e-001 
1
2
7 14 14 4 0 -1
7 15 14 2 0 2
haar_y4
-7.435380e-003 0 -1
6.837029e-001 -3.042524e-001 
-9.035565e-001

7
-1
