7
1
3
8 11 8 12 0 -1
8 11 4 6 0 2
12 17 4 6 0 2
haar_x2_y2
2.250810e-002 0 -1
3.534919e-001 -7.678784e-001 
1
2
16 5 3 16 0 -1
12 9 3 8 0 2
tilted_haar_x4
8.290109e-002 0 -1
-1.678459e-001 2.796148e-001 
1
2
8 4 16 3 0 -1
12 8 8 3 0 2
tilted_haar_x4
-2.886515e-002 0 -1
5.140759e-001 -5.433191e-001 
1
2
17 4 3 1 0 -1
18 4 1 1 0 3
haar_x3
-6.862953e-004 0 -1
3.958051e-001 -1.510775e-001 
1
2
0 20 4 2 0 -1
1 20 2 2 0 2
haar_x4
-5.145106e-004 0 -1
-6.689234e-001 3.926013e-001 
1
2
12 4 3 3 0 -1
13 5 1 1 0 9
haar_point
-6.090647e-003 0 -1
4.265861e-001 -2.916311e-001 
1
2
0 1 10 16 0 -1
0 5 10 8 0 2
haar_y4
-5.521638e-004 0 -1
-6.754461e-001 4.282700e-001 
-1.083226e+000

12
-1
