7
1
2
0 3 3 6 0 -1
1 3 1 6 0 3
haar_x3
-6.674433e-003 0 -1
7.031136e-001 -3.800382e-001 
1
3
6 7 18 4 0 -1
15 7 9 2 0 2
6 9 9 2 0 2
haar_x2_y2
3.420738e-002 0 -1
-7.561698e-002 5.671490e-001 
1
3
0 7 16 4 0 -1
0 7 8 2 0 2
8 9 8 2 0 2
haar_x2_y2
3.692776e-003 0 -1
3.644727e-001 -7.408556e-001 
1
2
20 7 4 15 0 -1
20 7 2 15 0 2
haar_x2
-3.222723e-002 0 -1
6.987846e-001 -2.411322e-001 
1
2
1 8 2 13 0 -1
2 8 1 13 0 2
haar_x2
-3.971501e-003 0 -1
5.333847e-001 -5.039359e-001 
1
2
13 5 1 8 0 -1
13 7 1 4 0 2
haar_y4
2.975251e-003 0 -1
-2.627713e-001 5.459042e-001 
1
2
5 0 12 5 0 -1
9 0 4 5 0 3
haar_x3
1.815976e-003 0 -1
4.317294e-001 -7.393743e-001 
-8.010757e-001

10
-1
